2341
591
1041
665
89
2320
592
1042
666
401
90
2321
2237
1017
145
38
593
2280
2013
1128
1043
2033
1151
3
1259
207
2185
2177
362
264
1746
1470
1707
1366
615
667
1585
402
1075
91
467
2232
2322
2238
250
1018
146
39
594
31
2281
2014
585
1129
1044
495
2034
1344
1600
1904
1152
2068
1909
4
1260
796
1874
208
2186
2178
394
363
387
1353
186
1298
434
236
1831
265
1747
329
168
1471
220
751
1940
1708
889
1691
1367
616
1743
1828
748
2001
668
695
1022
940
241
575
2021
1586
1381
215
1290
1136
1198
819
1613
557
403
314
1076
92
1157
1759
1311
927
150
468
51
2169
410
2233
2323
1546
2239
1644
1303
737
581
1995
43
601
251
1817
1595
2161
655
1019
937
147
40
598
595
827
120
1051
32
2282
2125
2004
2056
2015
372
586
1190
1130
830
1045
1243
496
1088
455
1460
1083
444
2132
2035
1345
505
1601
1163
671
1905
1153
1213
1433
2069
1910
5
698
1261
2150
1793
797
1025
1699
943
1875
733
2121
244
2209
209
902
1331
1782
2187
960
2179
1973
395
123
344
364
439
388
715
772
1054
1354
538
520
35
1871
1610
578
1457
1217
1798
187
1668
1486
1964
324
1205
2312
1299
435
194
980
1725
565
2201
1220
1068
1768
2228
182
237
2157
534
780
1832
1448
266
1916
1748
330
1678
169
968
1472
1714
1118
221
1403
752
1554
1941
2193
2305
1733
571
116
2301
14
512
803
1709
2285
1980
2024
1376
2051
890
1692
1368
1281
617
1753
87
205
1744
248
385
1829
749
887
1741
1999
2002
370
1241
503
669
696
1023
941
242
900
1608
576
1116
2022
885
1587
1382
127
1858
757
216
923
2128
1497
1437
1291
880
2263
2271
1137
140
1062
1589
1199
96
1801
1390
463
820
1614
558
2073
1384
129
1094
404
315
640
913
1077
709
1011
1851
722
2277
1901
793
1543
93
1860
2007
1158
1418
2141
103
1760
358
190
1863
2059
1312
928
151
335
469
1671
484
1276
52
2170
2327
411
302
2234
1195
2324
784
449
1547
47
2137
2240
348
1645
1304
1840
2215
738
2338
2010
582
2018
554
1996
44
854
729
1145
1428
759
1489
602
72
2245
252
1818
1596
933
83
2259
1931
2162
198
1935
2255
158
375
1844
1967
656
2046
589
1149
1342
432
234
327
218
1689
1020
938
925
148
41
599
1815
653
596
828
453
2130
1161
1791
121
770
1052
33
1962
978
1723
563
1914
2283
921
2126
2269
138
461
1541
2005
2057
482
1193
1838
2213
2016
373
587
232
651
1191
1836
649
647
1499
1439
1293
1131
831
1046
1452
1244
497
1501
2100
1269
1089
456
1461
1533
1084
1867
445
2133
79
1421
848
284
2063
2036
1346
506
1441
871
1639
1602
608
1164
672
0
1467
1906
1295
1133
1154
1214
882
1434
2070
1911
845
6
699
1262
2250
2151
857
2144
1515
1794
2265
545
1208
1892
798
2273
1026
1139
1174
984
833
1700
944
1876
996
1324
142
816
734
1048
2122
1454
777
245
2210
1573
1108
210
549
162
903
1246
1064
499
1332
1783
2188
961
1591
1955
2180
1947
1974
1099
1503
2102
2117
9
1576
1271
764
396
261
2166
824
124
1494
1091
345
458
365
702
839
24
1412
1037
440
1201
1463
1775
2086
389
1654
64
716
1581
773
1181
270
290
489
1055
1355
1185
98
2081
539
1803
1392
1265
1111
1535
1921
683
521
2315
36
1257
465
1872
213
1611
579
1086
1458
1869
1218
114
368
1799
638
707
188
1669
447
2135
552
1143
1487
81
2253
1965
325
1206
2115
822
1179
2313
705
952
1423
954
106
18
1616
1300
436
2154
1675
2298
299
195
1686
560
281
842
981
1321
1952
1034
1683
850
2075
1726
989
1386
286
566
2202
131
1522
1622
1221
1069
1769
860
2229
2065
183
165
238
2158
535
1483
781
1425
1959
1833
1449
1105
1096
267
1254
174
1629
956
478
1917
1317
2038
1348
274
27
406
516
1749
331
257
1679
170
177
108
2292
1398
969
1473
294
1715
317
906
1119
1230
222
630
1404
508
753
1555
1443
57
1942
873
2194
1632
642
2306
787
1734
572
1641
117
2147
2302
1415
355
1788
2112
15
513
804
1559
1991
1710
20
1618
1823
2286
1981
2025
915
1377
2052
1079
711
1604
974
1518
610
1249
807
866
891
1693
1369
1166
1562
1013
1763
1282
674
618
1754
1853
724
427
1336
379
1040
88
2279
2
206
2176
361
1745
1469
1706
1365
614
1074
249
494
1903
1908
795
386
1297
1830
750
888
1742
1827
2000
1289
1135
1156
1545
1302
1994
2003
371
1242
443
504
670
1432
697
1024
942
732
243
2208
901
1781
959
343
438
1609
577
1216
1797
1667
1204
193
1067
1767
181
2156
533
1447
1677
967
1713
1117
1732
570
2300
13
1979
2023
886
1240
502
1115
884
1436
879
1588
95
2072
1383
128
1900
1859
1862
301
2009
853
758
71
1930
197
157
2045
1148
1341
217
1688
924
1814
452
2129
1160
1722
562
1913
2268
481
1498
1438
1292
1866
1420
847
283
2062
1466
881
844
2143
2264
1891
2272
1138
1173
983
995
1323
141
815
548
1063
1590
1954
8
763
1493
701
838
23
1036
1200
63
1580
488
97
1802
1391
1264
1920
682
464
113
637
2252
821
1178
105
1615
2153
2297
1685
559
1320
1033
2074
988
1385
130
1621
859
1095
1253
477
1316
405
316
1229
641
2146
354
1787
2111
914
1078
710
1517
1012
1762
1852
723
426
1335
2278
360
1073
493
1902
794
1826
1544
1431
1780
1796
192
532
878
94
1899
1861
2008
852
1159
2267
1865
1419
2061
2142
814
547
762
1492
681
112
104
2296
1315
1228
353
1786
1761
359
1779
191
531
1864
2060
680
1314
1778
1313
929
152
336
470
419
624
1883
662
1210
930
605
2089
1894
228
2077
2041
153
2092
337
800
1672
485
1277
1569
1650
53
1728
471
1986
420
991
625
2171
2328
412
303
1884
663
2235
392
1351
1196
1211
1388
2275
2325
931
1539
77
606
288
1627
785
568
69
450
61
2090
75
1548
1895
2030
692
48
2138
229
2078
2289
2042
811
1550
896
2241
2204
133
1028
349
1646
1305
1657
1524
1841
1286
154
1624
2093
338
1223
2216
739
2339
2011
583
2019
555
2199
2191
801
1997
45
2336
2248
855
1141
1673
255
1821
730
1146
1720
486
1176
986
2109
1071
1429
1897
760
1490
678
622
1881
603
1567
1984
67
73
2028
2246
253
1819
1925
1597
934
1278
84
202
2260
1932
1570
2163
1651
54
964
1729
835
199
277
688
472
1936
310
1987
1702
946
421
1059
719
2256
918
159
376
1927
992
1878
2096
626
2172
1845
1968
657
2329
2047
1771
862
413
304
998
1326
1885
1359
590
664
2236
144
1127
2032
1150
2184
1584
2231
30
1343
1599
2067
393
1352
185
433
235
328
167
219
1690
747
694
1021
939
240
1380
1197
818
1758
1310
926
149
50
409
736
42
600
1816
1594
2160
654
936
597
1050
2124
2055
1189
829
454
1082
2131
1162
1212
1792
1698
122
714
771
1053
537
519
34
1456
1485
1963
323
2311
979
1724
564
779
1915
1402
1553
2284
1375
1280
1752
86
204
247
384
899
1607
1857
922
2127
2262
2270
139
1389
462
912
1850
2276
792
1542
2006
2140
102
2058
334
483
1275
2326
1194
783
1839
2214
2017
728
1427
2244
932
1934
374
588
233
652
769
1961
977
137
1540
1192
1837
2212
231
650
1835
648
1451
1500
2099
1532
78
1440
870
1638
607
1294
1132
544
832
1047
1453
776
1572
1107
1245
498
1946
1098
1502
2101
1575
1270
260
2165
1090
457
1411
1462
2085
1653
269
289
1184
2080
1110
1534
1256
212
1085
1868
446
2134
551
80
951
1422
280
1951
1682
849
285
1521
2064
164
1482
1958
173
1628
2037
1347
273
176
2291
1397
293
905
629
507
1442
56
872
1631
786
1640
1603
973
609
1248
1165
673
1
2175
1468
613
1907
1296
1134
1155
2207
958
342
1215
1066
180
966
1731
569
1978
501
883
1435
2071
70
2044
451
1912
480
846
1890
7
700
837
62
1263
1919
636
2251
2152
1319
858
1252
2145
1516
1334
492
1795
877
2266
813
546
111
2295
1227
1785
418
1209
1893
2040
2091
799
1350
2274
76
691
810
1549
895
1027
2198
2190
1140
1175
985
1896
201
963
834
276
687
309
1701
945
1058
1877
997
1325
1358
143
1126
2031
2183
29
746
693
817
49
408
735
1593
1049
2123
1188
1697
518
1455
322
778
1401
1552
1374
1751
246
898
911
1849
2139
101
333
2243
768
136
2211
230
869
1637
543
1574
259
1410
2084
2079
1109
211
550
950
279
1950
1681
163
1481
1957
172
2290
904
972
1247
2206
341
1065
179
1977
500
2043
1333
812
110
2294
1226
1784
417
690
894
2189
962
308
1125
2182
745
1592
1696
1400
1551
1373
897
1848
2242
135
1636
542
1949
1956
971
2205
1976
1124
2181
1372
134
1948
1975
1100
1101
1029
1504
1475
1005
2103
1806
2118
2225
296
1102
1664
10
1577
1030
474
350
1647
1717
1272
319
908
765
1121
1002
1505
1508
1476
2219
1232
397
1511
1169
224
1306
632
1406
1006
2104
1807
1658
1525
262
1938
312
2167
825
2119
1971
2226
510
1739
125
755
1495
1092
346
1842
459
366
703
297
840
1103
25
1413
1557
1989
1038
1704
1287
441
1665
1202
1445
11
155
1812
1464
1578
1031
475
351
1776
660
2087
1648
390
1625
59
1655
1718
1565
65
717
2094
1582
1273
774
1944
1182
271
1395
291
490
875
2196
1056
1356
1186
320
909
99
766
2082
948
1479
339
1224
1634
540
1122
1003
1804
1506
2217
1509
1393
1477
740
2220
1233
398
644
1266
1512
1112
1170
423
225
1536
1922
1307
2308
789
633
684
1407
742
2222
1736
522
2316
1007
2332
2105
1808
1235
1659
525
1526
2340
2319
400
1016
37
2012
1258
263
466
584
1873
1939
574
2020
214
1612
556
313
2168
1643
580
826
119
1087
1459
2149
2120
1330
1972
1870
2200
1219
2227
2192
2304
115
511
802
2050
1740
1998
369
126
756
1496
1061
1800
1093
639
708
1010
721
1417
357
189
1670
448
46
2136
347
2337
553
1144
1488
82
2258
2254
1843
1966
431
326
1790
920
460
646
1268
2249
856
1514
1207
161
2116
823
1774
1180
2314
367
706
1142
2114
704
953
17
1674
298
841
1424
1104
955
26
515
256
107
1414
1558
1990
19
1617
1822
806
865
1561
378
1039
1705
1364
1288
1301
1993
442
731
437
1666
1203
1766
2155
1446
1676
1712
2299
12
1239
1114
300
1929
196
156
1147
1340
1687
1813
1721
561
282
1465
843
1172
982
994
1322
1953
22
1035
1579
487
1177
1684
1032
987
1620
476
2110
425
1072
1825
1430
1898
851
761
1491
352
530
679
1777
623
1882
661
604
2088
227
2076
1568
1649
1727
1985
990
391
1387
1538
287
1626
567
68
60
74
2029
2288
2203
132
1656
1523
1285
1623
1222
2335
2247
254
1820
1719
2108
1070
677
621
1880
1566
1983
66
2027
1924
718
917
1926
2095
1770
861
1583
2230
1598
2066
184
166
239
1379
1757
1309
2159
935
2054
1081
713
536
1484
2310
1279
85
203
383
1606
1856
2261
791
1274
782
727
1426
1933
1960
976
1834
1450
2098
1531
775
1571
1106
1945
1097
2164
1652
268
1183
1255
1520
272
175
1396
292
628
55
1630
2174
612
957
965
1730
479
1889
836
1918
635
1318
1251
491
876
2039
1349
809
2197
200
275
686
1057
1357
28
407
1187
517
321
1750
910
100
332
767
868
258
1409
2083
949
278
1680
1480
171
340
178
109
2293
1225
416
689
893
307
744
1695
1399
1847
1635
541
970
1123
1371
1474
1004
1805
2224
295
1663
473
1716
318
907
1120
1001
1507
2218
1231
1510
1168
223
631
1405
1937
311
1970
509
1738
754
1556
1988
1703
1444
1811
659
58
1564
1943
1394
874
2195
947
1478
1633
643
422
2307
788
741
2221
1735
2331
1234
524
2318
399
1015
573
1642
118
2148
1329
2303
2049
1060
1009
720
1416
356
2257
430
1789
919
645
1267
1513
160
1773
2113
16
514
805
864
1560
377
1363
1992
1765
1711
1238
1113
1928
1339
1171
993
21
1619
424
1824
529
226
1537
2287
1284
2334
2107
676
620
1879
1982
2026
1923
916
1378
1756
1308
2053
1080
712
2309
382
1605
1855
790
726
975
2097
1530
1519
627
2173
611
1888
634
1250
808
685
867
1408
415
892
306
743
1694
1846
1370
2223
1662
1000
1167
1969
1737
1810
658
1563
2330
523
2317
1014
1328
2048
1008
429
1772
863
1362
1764
1237
1338
528
1283
2333
2106
675
619
1755
381
1854
725
1529
1887
414
305
1661
999
1809
1327
428
1361
1236
1337
527
380
1528
1886
1660
1360
526
1527
